[[ 0 [Car,2.16723,1.70571,4.32936,25.2125,8.60339,-1.79216]
[Car,1.73288,1.6015,4.11292,33.6483,7.9286,-1.73241]
[Car,1.46518,1.62768,4.11042,42.997,7.20752,-1.49324]
[Tram,3.32665,2.36522,23.2917,86.2971,-14.4726,-0.779123]
[Car,1.80196,1.60563,3.83122,49.7662,6.45032,-1.48501]
]
[ 1 [Car,2.16723,1.70571,4.32936,23.8658,8.63855,-1.82768]
[Car,1.73288,1.6015,4.11292,32.2843,7.9883,-1.79901]
[Car,1.46518,1.62768,4.11042,41.6345,7.28942,-1.56913]
[Tram,3.32665,2.36522,23.2917,85.9844,-14.4767,-0.889499]
[Car,1.80196,1.60563,3.83122,48.3793,6.54722,-1.51082]
]
[ 2 [Car,2.16723,1.70571,4.32936,22.4751,8.67559,-1.8638]
[Car,1.73288,1.6015,4.11292,30.9203,8.048,-1.86561]
[Car,1.46518,1.62768,4.11042,40.272,7.37132,-1.64501]
[Tram,3.32665,2.36522,23.2917,85.6718,-14.4808,-0.999875]
[Car,1.80196,1.60563,3.83122,46.9924,6.64412,-1.53662]
]
[ 3 [Car,2.16723,1.70571,4.32936,21.1091,8.72064,-1.86598]
[Car,1.73288,1.6015,4.11292,29.5562,8.1077,-1.93221]
[Car,1.46518,1.62768,4.11042,38.9095,7.45322,-1.7209]
[Tram,3.32665,2.36522,23.2917,85.3591,-14.485,-1.11025]
[Car,1.80196,1.60563,3.83122,45.6062,6.749,-1.60269]
]
[ 4 [Car,2.16723,1.70571,4.32936,19.7431,8.76569,-1.86816]
[Car,1.73288,1.6015,4.11292,28.1932,8.18341,-1.89767]
[Car,1.46518,1.62768,4.11042,37.5478,7.54578,-1.69017]
[Tram,3.32665,2.36522,23.2917,85.0292,-14.333,-1.10012]
[Car,1.80196,1.60563,3.83122,44.2201,6.85388,-1.66877]
]
[ 5 [Car,2.16723,1.70571,4.32936,18.3771,8.81074,-1.87033]
[Car,1.73288,1.6015,4.11292,26.8302,8.25911,-1.86314]
[Car,1.46518,1.62768,4.11042,36.1861,7.63835,-1.65944]
[Tram,3.32665,2.36522,23.2917,84.6993,-14.181,-1.08998]
[Car,1.80196,1.60563,3.83122,43.6737,7.08549,-1.65167]
]
[ 6 [Car,2.16723,1.70571,4.32936,17.011,8.85579,-1.87251]
[Car,1.73288,1.6015,4.11292,25.4672,8.33481,-1.8286]
[Car,1.46518,1.62768,4.11042,34.8243,7.73091,-1.62871]
[Tram,3.32665,2.36522,23.2917,84.3694,-14.029,-1.07985]
[Car,1.80196,1.60563,3.83122,42.1545,7.17726,-1.64192]
]
[ 7 [Car,2.16723,1.70571,4.32936,15.6932,8.90224,-1.87044]
[Car,1.73288,1.6015,4.11292,24.0951,8.40286,-1.84226]
[Car,1.46518,1.62768,4.11042,33.4791,7.83653,-1.65212]
[Tram,3.32665,2.36522,23.2917,84.0395,-13.877,-1.06971]
[Car,1.80196,1.60563,3.83122,40.6353,7.26903,-1.63216]
]
[ 8 [Car,2.16723,1.70571,4.32936,14.3753,8.94868,-1.86838]
[Car,1.73288,1.6015,4.11292,22.723,8.47092,-1.85592]
[Car,1.46518,1.62768,4.11042,32.1338,7.94216,-1.67553]
[Tram,3.32665,2.36522,23.2917,83.7096,-13.725,-1.05958]
[Car,1.80196,1.60563,3.83122,39.1161,7.3608,-1.62241]
[Car,1.44543,1.44609,3.39911,43.8981,6.85234,-1.76353]
]
[ 9 [Car,2.16723,1.70571,4.32936,13.0575,8.99513,-1.86631]
[Car,1.73288,1.6015,4.11292,21.4281,8.55776,-1.81475]
[Car,1.46518,1.62768,4.11042,30.7886,8.04779,-1.69894]
[Tram,3.32665,2.36522,23.2917,83.4573,-13.4847,-0.912214]
[Car,1.80196,1.60563,3.83122,37.5969,7.45257,-1.61266]
[Car,1.44543,1.44609,3.39911,42.6003,6.98649,-1.65986]
]
[ 10 [Car,2.16723,1.70571,4.32936,11.7396,9.04158,-1.86424]
[Car,1.73288,1.6015,4.11292,20.1331,8.6446,-1.77358]
[Car,1.46518,1.62768,4.11042,29.4758,8.16426,-1.61391]
[Tram,3.32665,2.36522,23.2917,83.2049,-13.2444,-0.764851]
[Car,1.80196,1.60563,3.83122,36.2814,7.56898,-1.54827]
[Car,1.44543,1.44609,3.39911,41.3024,7.12064,-1.55618]
[Car,1.75206,1.71373,4.31477,46.0798,6.80426,-1.59192]
]
[ 11 [Car,2.16723,1.70571,4.32936,10.4218,9.08802,-1.86218]
[Car,1.73288,1.6015,4.11292,18.8381,8.73144,-1.73242]
[Car,1.46518,1.62768,4.11042,28.1631,8.28073,-1.52889]
[Tram,3.32665,2.36522,23.2917,82.9525,-13.0042,-0.617488]
[Car,1.80196,1.60563,3.83122,34.9678,7.71338,-1.50037]
[Car,1.44543,1.44609,3.39911,40.0077,7.30145,-1.49467]
[Car,1.75206,1.71373,4.31477,44.8042,6.97883,-1.50236]
]
[ 12 [Car,2.16723,1.70571,4.32936,9.12755,9.10996,-1.87323]
[Car,1.73288,1.6015,4.11292,17.5028,8.78538,-1.79967]
[Car,1.46518,1.62768,4.11042,26.8798,8.373,-1.56849]
[Tram,3.32665,2.36522,23.2917,82.6977,-12.7905,-0.810391]
[Car,1.80196,1.60563,3.83122,33.6537,7.85112,-1.54989]
[Car,1.44543,1.44609,3.39911,38.713,7.48225,-1.54137]
[Car,1.75206,1.71373,4.31477,43.5295,7.16339,-1.54323]
]
[ 13 [Car,2.16723,1.70571,4.32936,7.83333,9.13189,-1.88428]
[Car,1.73288,1.6015,4.11292,16.1674,8.83932,-1.86692]
[Car,1.46518,1.62768,4.11042,25.5965,8.46527,-1.6081]
[Tram,3.32665,2.36522,23.2917,82.443,-12.5768,-1.00329]
[Car,1.80196,1.60563,3.83122,32.3397,7.98886,-1.59941]
[Car,1.44543,1.44609,3.39911,37.4182,7.66306,-1.58807]
[Car,1.75206,1.71373,4.31477,42.2547,7.34796,-1.58409]
]
[ 14 [Car,1.73288,1.6015,4.11292,14.8669,8.87897,-1.84994]
[Car,1.46518,1.62768,4.11042,24.3131,8.55754,-1.6477]
[Tram,3.32665,2.36522,23.2917,82.0802,-12.374,-0.990842]
[Car,1.80196,1.60563,3.83122,31.0249,8.1146,-1.61266]
[Car,1.44543,1.44609,3.39911,36.1438,7.79834,-1.61092]
[Car,1.75206,1.71373,4.31477,40.9799,7.53252,-1.62496]
[Car,1.52595,1.65864,4.01397,50.4994,6.62693,-1.54252]
]
[ 15 [Car,1.73288,1.6015,4.11292,13.5663,8.91861,-1.83296]
[Car,1.46518,1.62768,4.11042,23.0298,8.64981,-1.68731]
[Tram,3.32665,2.36522,23.2917,81.7174,-12.1711,-0.978389]
[Car,1.80196,1.60563,3.83122,29.8007,8.24151,-1.64566]
[Car,1.44543,1.44609,3.39911,34.8694,7.93362,-1.63377]
[Car,1.75206,1.71373,4.31477,39.7051,7.71708,-1.66583]
[Car,1.52595,1.65864,4.01397,49.2603,6.78186,-1.56197]
]
[ 16 [Car,1.73288,1.6015,4.11292,12.3348,8.95279,-1.85686]
[Car,1.46518,1.62768,4.11042,21.7074,8.72763,-1.70018]
[Tram,3.32665,2.36522,23.2917,81.3546,-11.9682,-0.965937]
[Car,1.80196,1.60563,3.83122,28.5289,8.31514,-1.65969]
[Car,1.44543,1.44609,3.39911,33.595,8.06891,-1.65662]
[Car,1.75206,1.71373,4.31477,38.4444,7.8181,-1.67384]
[Car,1.52595,1.65864,4.01397,48.0211,6.93679,-1.58142]
]
[ 17 [Car,1.73288,1.6015,4.11292,11.1033,8.98697,-1.88075]
[Car,1.46518,1.62768,4.11042,20.4641,8.78296,-1.71169]
[Tram,3.32665,2.36522,23.2917,80.9918,-11.7654,-0.953484]
[Car,1.80196,1.60563,3.83122,27.2571,8.38877,-1.67373]
[Car,1.44543,1.44609,3.39911,32.3206,8.20419,-1.67947]
[Car,1.75206,1.71373,4.31477,37.1837,7.91913,-1.68186]
[Car,1.52595,1.65864,4.01397,46.7819,7.09171,-1.60087]
]
[ 18 [Car,1.73288,1.6015,4.11292,9.87179,9.02115,-1.90465]
[Car,1.46518,1.62768,4.11042,19.2209,8.83829,-1.72319]
[Tram,3.32665,2.36522,23.2917,80.629,-11.5625,-0.941031]
[Car,1.80196,1.60563,3.83122,25.9853,8.46241,-1.68777]
[Car,1.44543,1.44609,3.39911,31.0462,8.33947,-1.70232]
[Car,1.75206,1.71373,4.31477,35.9229,8.02015,-1.68988]
[Car,1.52595,1.65864,4.01397,45.5428,7.24664,-1.62032]
]
[ 19 [Car,1.73288,1.6015,4.11292,8.64988,9.03608,-1.88362]
[Car,1.46518,1.62768,4.11042,17.9776,8.89362,-1.73469]
[Tram,3.32665,2.36522,23.2917,80.359,-11.4198,-0.9305]
[Car,1.80196,1.60563,3.83122,24.7392,8.53387,-1.69041]
[Car,1.44543,1.44609,3.39911,29.8158,8.38698,-1.69776]
[Car,1.75206,1.71373,4.31477,34.6622,8.12118,-1.67785]
[Car,1.52595,1.65864,4.01397,44.3036,7.40157,-1.63978]
[Car,1.48279,1.59799,3.90114,49.4721,6.93499,-1.55656]
]
[ 20 [Car,1.73288,1.6015,4.11292,7.42798,9.05101,-1.86259]
[Car,1.46518,1.62768,4.11042,16.7375,8.93084,-1.73843]
[Tram,3.32665,2.36522,23.2917,80.0889,-11.277,-0.919969]
[Car,1.80196,1.60563,3.83122,23.4932,8.60534,-1.69305]
[Car,1.44543,1.44609,3.39911,28.5855,8.43448,-1.6932]
[Car,1.75206,1.71373,4.31477,33.4014,8.2222,-1.66583]
[Car,1.52595,1.65864,4.01397,43.0603,7.45187,-1.57502]
[Car,1.48279,1.59799,3.90114,48.2334,7.06123,-1.55675]
]
[ 21 [Car,1.46518,1.62768,4.11042,15.4973,8.96806,-1.74218]
[Tram,3.32665,2.36522,23.2917,79.8189,-11.1343,-0.909437]
[Car,1.80196,1.60563,3.83122,22.2471,8.6768,-1.6957]
[Car,1.44543,1.44609,3.39911,27.3551,8.48198,-1.68864]
[Car,1.75206,1.71373,4.31477,32.1702,8.28872,-1.66788]
[Car,1.52595,1.65864,4.01397,41.8203,7.56221,-1.59121]
[Car,1.48279,1.59799,3.90114,46.9947,7.18747,-1.55693]
]
[ 22 [Car,1.46518,1.62768,4.11042,14.2572,9.00527,-1.74592]
[Tram,3.32665,2.36522,23.2917,79.5488,-10.9915,-0.898906]
[Car,1.80196,1.60563,3.83122,21.0011,8.74827,-1.69834]
[Car,1.44543,1.44609,3.39911,26.1248,8.52948,-1.68408]
[Car,1.75206,1.71373,4.31477,30.939,8.35524,-1.66993]
[Car,1.52595,1.65864,4.01397,40.5802,7.67255,-1.6074]
[Car,1.48279,1.59799,3.90114,45.756,7.31371,-1.55711]
]
[ 23 [Car,1.46518,1.62768,4.11042,13.0551,9.02183,-1.74888]
[Tram,3.32665,2.36522,23.2917,79.2788,-10.8488,-0.888375]
[Car,1.80196,1.60563,3.83122,19.7884,8.78981,-1.6993]
[Car,1.44543,1.44609,3.39911,24.8945,8.57698,-1.67951]
[Car,1.75206,1.71373,4.31477,29.7078,8.42176,-1.67198]
[Car,1.52595,1.65864,4.01397,39.3402,7.78289,-1.62359]
[Car,1.48279,1.59799,3.90114,44.5173,7.43995,-1.5573]
]
[ 24 [Car,1.46518,1.62768,4.11042,11.8529,9.03838,-1.75185]
[Tram,3.32665,2.36522,23.2917,79.0535,-10.692,-0.825369]
[Car,1.80196,1.60563,3.83122,18.5758,8.83135,-1.70026]
[Car,1.44543,1.44609,3.39911,23.6508,8.6261,-1.69019]
[Car,1.75206,1.71373,4.31477,28.4766,8.48828,-1.67404]
[Car,1.52595,1.65864,4.01397,38.1002,7.89323,-1.63978]
[Car,1.48279,1.59799,3.90114,43.2786,7.56619,-1.55748]
]
[ 25 [Car,1.46518,1.62768,4.11042,10.6508,9.05494,-1.75482]
[Tram,3.32665,2.36522,23.2917,78.8282,-10.5351,-0.762363]
[Car,1.80196,1.60563,3.83122,17.3631,8.8729,-1.70123]
[Car,1.44543,1.44609,3.39911,22.4072,8.67522,-1.70086]
[Car,1.75206,1.71373,4.31477,27.2454,8.5548,-1.67609]
[Car,1.52595,1.65864,4.01397,36.9026,7.99491,-1.63204]
[Car,1.48279,1.59799,3.90114,42.0813,7.66431,-1.55758]
]
[ 26 [Car,1.46518,1.62768,4.11042,9.44869,9.07149,-1.75779]
[Tram,3.32665,2.36522,23.2917,78.603,-10.3783,-0.699357]
[Car,1.80196,1.60563,3.83122,16.1505,8.91444,-1.70219]
[Car,1.44543,1.44609,3.39911,21.2006,8.72822,-1.71108]
[Car,1.75206,1.71373,4.31477,26.0142,8.62132,-1.67814]
[Car,1.52595,1.65864,4.01397,35.7051,8.0966,-1.62431]
[Car,1.48279,1.59799,3.90114,40.8841,7.76243,-1.55767]
]
[ 27 [Tram,3.32665,2.36522,23.2917,78.3777,-10.2215,-0.636352]
[Car,1.80196,1.60563,3.83122,14.9441,8.94227,-1.72352]
[Car,1.44543,1.44609,3.39911,19.994,8.78123,-1.72131]
[Car,1.75206,1.71373,4.31477,24.7844,8.67833,-1.68729]
[Car,1.52595,1.65864,4.01397,34.5075,8.19828,-1.61658]
[Car,1.48279,1.59799,3.90114,39.6868,7.86056,-1.55776]
]
[ 28 [Tram,3.32665,2.36522,23.2917,78.1339,-10.0618,-0.639812]
[Car,1.80196,1.60563,3.83122,13.7377,8.9701,-1.74486]
[Car,1.44543,1.44609,3.39911,18.7875,8.83423,-1.73153]
[Car,1.75206,1.71373,4.31477,23.5547,8.73533,-1.69644]
[Car,1.52595,1.65864,4.01397,33.3099,8.29997,-1.60884]
[Car,1.48279,1.59799,3.90114,38.4895,7.95868,-1.55785]
]
[ 29 [Tram,3.32665,2.36522,23.2917,77.8901,-9.9021,-0.643273]
[Car,1.80196,1.60563,3.83122,12.5313,8.99794,-1.76619]
[Car,1.44543,1.44609,3.39911,17.5809,8.88723,-1.74175]
[Car,1.75206,1.71373,4.31477,22.3717,8.77673,-1.70461]
[Car,1.52595,1.65864,4.01397,32.1124,8.40165,-1.60111]
[Car,1.48279,1.59799,3.90114,37.2923,8.05681,-1.55795]
[Car,1.60858,1.66827,4.56495,57.1176,7.20143,-1.35608]
]
[ 30 [Tram,3.32665,2.36522,23.2917,77.6463,-9.74241,-0.646734]
[Car,1.80196,1.60563,3.83122,11.3563,9.01561,-1.78687]
[Car,1.44543,1.44609,3.39911,16.3724,8.90716,-1.75427]
[Car,1.75206,1.71373,4.31477,21.1888,8.81813,-1.71278]
[Car,1.52595,1.65864,4.01397,30.9142,8.44806,-1.60724]
[Car,1.48279,1.59799,3.90114,36.1121,8.12762,-1.53782]
[Car,1.60858,1.66827,4.56495,55.9149,7.32877,-1.36911]
]
[ 31 [Tram,3.32665,2.36522,23.2917,77.4026,-9.58272,-0.650195]
[Car,1.80196,1.60563,3.83122,10.1813,9.03328,-1.80755]
[Car,1.44543,1.44609,3.39911,15.164,8.92708,-1.76679]
[Car,1.75206,1.71373,4.31477,20.0058,8.85953,-1.72094]
[Car,1.52595,1.65864,4.01397,29.7161,8.49446,-1.61336]
[Car,1.48279,1.59799,3.90114,34.9319,8.19844,-1.5177]
[Car,1.60858,1.66827,4.56495,54.7122,7.45611,-1.38213]
]
[ 32 [Tram,3.32665,2.36522,23.2917,77.1588,-9.42304,-0.653656]
[Car,1.80196,1.60563,3.83122,9.00629,9.05094,-1.82822]
[Car,1.44543,1.44609,3.39911,13.9555,8.947,-1.77931]
[Car,1.75206,1.71373,4.31477,18.809,8.89776,-1.74679]
[Car,1.52595,1.65864,4.01397,28.518,8.54087,-1.61949]
[Car,1.48279,1.59799,3.90114,33.7523,8.28127,-1.59399]
[Car,1.60858,1.66827,4.56495,53.5095,7.58345,-1.39515]
]
[ 33 [Tram,3.32665,2.36522,23.2917,76.915,-9.26335,-0.657116]
[Car,1.80196,1.60563,3.83122,7.79971,9.06493,-1.86323]
[Car,1.44543,1.44609,3.39911,12.7793,8.96874,-1.79136]
[Car,1.75206,1.71373,4.31477,17.6121,8.936,-1.77263]
[Car,1.52595,1.65864,4.01397,27.3198,8.58727,-1.62561]
[Car,1.48279,1.59799,3.90114,32.5005,8.36701,-1.60737]
[Car,1.60858,1.66827,4.56495,52.3068,7.71079,-1.40818]
[Cyclist,1.77767,0.435075,1.70239,37.8446,-12.1474,-0.907889]
]
[ 34 [Tram,3.32665,2.36522,23.2917,76.6712,-9.10366,-0.660577]
[Car,1.44543,1.44609,3.39911,11.6032,8.99047,-1.8034]
[Car,1.75206,1.71373,4.31477,16.4153,8.97423,-1.79847]
[Car,1.52595,1.65864,4.01397,26.1251,8.6381,-1.64842]
[Car,1.48279,1.59799,3.90114,31.2487,8.45276,-1.62076]
[Car,1.60858,1.66827,4.56495,51.1041,7.83813,-1.4212]
[Cyclist,1.77767,0.435075,1.70239,37.243,-12.0617,-0.900526]
]
[ 35 [Tram,3.32665,2.36522,23.2917,76.4858,-8.90573,-0.631551]
[Car,1.44543,1.44609,3.39911,10.427,9.0122,-1.81545]
[Car,1.75206,1.71373,4.31477,15.2184,9.01246,-1.82431]
[Car,1.52595,1.65864,4.01397,24.9304,8.68893,-1.67122]
[Car,1.48279,1.59799,3.90114,30.087,8.51215,-1.63804]
[Car,1.60858,1.66827,4.56495,49.9395,7.95897,-1.44391]
[Cyclist,1.77767,0.435075,1.70239,36.6414,-11.976,-0.893162]
]
[ 36 [Tram,3.32665,2.36522,23.2917,76.3004,-8.7078,-0.602524]
[Car,1.44543,1.44609,3.39911,9.25087,9.03394,-1.82749]
[Car,1.75206,1.71373,4.31477,14.0216,9.0507,-1.85015]
[Car,1.52595,1.65864,4.01397,23.7357,8.73976,-1.69402]
[Car,1.48279,1.59799,3.90114,28.9253,8.57154,-1.65532]
[Car,1.60858,1.66827,4.56495,48.775,8.07981,-1.46662]
[Cyclist,1.77767,0.435075,1.70239,36.0398,-11.8903,-0.885798]
]
[ 37 [Tram,3.32665,2.36522,23.2917,76.115,-8.50987,-0.573498]
[Car,1.75206,1.71373,4.31477,12.8585,9.06786,-1.87494]
[Car,1.52595,1.65864,4.01397,22.541,8.79059,-1.71682]
[Car,1.48279,1.59799,3.90114,27.7635,8.63093,-1.67261]
[Car,1.60858,1.66827,4.56495,47.6104,8.20065,-1.48933]
[Cyclist,1.77767,0.435075,1.70239,35.4382,-11.8047,-0.878435]
]
[ 38 [Tram,3.32665,2.36522,23.2917,75.9296,-8.31194,-0.544472]
[Car,1.75206,1.71373,4.31477,11.6953,9.08502,-1.89973]
[Car,1.52595,1.65864,4.01397,21.3463,8.84141,-1.73963]
[Car,1.48279,1.59799,3.90114,26.6018,8.69032,-1.68989]
[Car,1.60858,1.66827,4.56495,46.4458,8.32148,-1.51204]
[Cyclist,1.77767,0.435075,1.70239,34.8366,-11.719,-0.871071]
]
[ 39 [Tram,3.32665,2.36522,23.2917,75.7447,-8.12843,-0.558351]
[Car,1.75206,1.71373,4.31477,10.5322,9.10218,-1.92452]
[Car,1.52595,1.65864,4.01397,20.1873,8.8837,-1.76401]
[Car,1.48279,1.59799,3.90114,25.4401,8.74971,-1.70717]
[Car,1.60858,1.66827,4.56495,45.2812,8.44232,-1.53475]
[Cyclist,1.77767,0.435075,1.70239,34.235,-11.6333,-0.863707]
]
[ 40 [Tram,3.32665,2.36522,23.2917,75.5598,-7.94492,-0.572229]
[Car,1.75206,1.71373,4.31477,9.36904,9.11934,-1.94931]
[Car,1.52595,1.65864,4.01397,19.0283,8.92599,-1.78839]
[Car,1.48279,1.59799,3.90114,24.2708,8.8018,-1.72035]
[Car,1.60858,1.66827,4.56495,44.1083,8.53108,-1.54703]
[Cyclist,1.77767,0.435075,1.70239,33.6334,-11.5476,-0.856343]
]
[ 41 [Tram,3.32665,2.36522,23.2917,75.3749,-7.76141,-0.586108]
[Car,1.75206,1.71373,4.31477,8.22836,9.13535,-1.8239]
[Car,1.52595,1.65864,4.01397,17.8693,8.96828,-1.81277]
[Car,1.48279,1.59799,3.90114,23.1015,8.85389,-1.73354]
[Car,1.60858,1.66827,4.56495,42.9354,8.61984,-1.55931]
[Cyclist,1.77767,0.435075,1.70239,33.0318,-11.4619,-0.84898]
]
[ 42 [Tram,3.32665,2.36522,23.2917,75.19,-7.5779,-0.599987]
[Car,1.52595,1.65864,4.01397,16.7103,9.01057,-1.83715]
[Car,1.48279,1.59799,3.90114,21.9322,8.90599,-1.74672]
[Car,1.60858,1.66827,4.56495,41.7625,8.70861,-1.57159]
[Cyclist,1.77767,0.435075,1.70239,32.4799,-11.3956,-0.866096]
]
[ 43 [Tram,3.32665,2.36522,23.2917,75.0051,-7.39439,-0.613866]
[Car,1.52595,1.65864,4.01397,15.5513,9.05286,-1.86153]
[Car,1.48279,1.59799,3.90114,20.7629,8.95808,-1.7599]
[Car,1.60858,1.66827,4.56495,40.5896,8.79737,-1.58387]
[Cyclist,1.77767,0.435075,1.70239,31.9281,-11.3292,-0.883213]
]
[ 44 [Tram,3.32665,2.36522,23.2917,74.8089,-7.17871,-0.606109]
[Car,1.52595,1.65864,4.01397,14.4151,9.07711,-1.86725]
[Car,1.48279,1.59799,3.90114,19.5936,9.01018,-1.77309]
[Car,1.60858,1.66827,4.56495,39.4167,8.88613,-1.59615]
[Cyclist,1.77767,0.435075,1.70239,31.3762,-11.2629,-0.900329]
]
[ 45 [Tram,3.32665,2.36522,23.2917,74.6128,-6.96304,-0.598351]
[Car,1.52595,1.65864,4.01397,13.279,9.10136,-1.87297]
[Car,1.48279,1.59799,3.90114,18.4558,9.04092,-1.77917]
[Car,1.60858,1.66827,4.56495,38.2674,8.96604,-1.60786]
[Cyclist,1.77767,0.435075,1.70239,30.8243,-11.1965,-0.917446]
]
[ 46 [Tram,3.32665,2.36522,23.2917,74.4167,-6.74736,-0.590594]
[Car,1.52595,1.65864,4.01397,12.1429,9.12561,-1.87869]
[Car,1.48279,1.59799,3.90114,17.3179,9.07167,-1.78525]
[Car,1.60858,1.66827,4.56495,37.118,9.04595,-1.61956]
[Cyclist,1.77767,0.435075,1.70239,30.2724,-11.1302,-0.934562]
]
[ 47 [Tram,3.32665,2.36522,23.2917,74.206,-6.49572,-0.669594]
[Car,1.52595,1.65864,4.01397,11.0068,9.14986,-1.88441]
[Car,1.48279,1.59799,3.90114,16.18,9.10242,-1.79133]
[Car,1.60858,1.66827,4.56495,35.9687,9.12586,-1.63127]
[Cyclist,1.77767,0.435075,1.70239,29.7205,-11.0638,-0.951679]
]
[ 48 [Tram,3.32665,2.36522,23.2917,73.9953,-6.24408,-0.748595]
[Car,1.52595,1.65864,4.01397,9.87071,9.17411,-1.89013]
[Car,1.48279,1.59799,3.90114,15.0421,9.13317,-1.79741]
[Car,1.60858,1.66827,4.56495,34.8193,9.20577,-1.64298]
[Cyclist,1.77767,0.435075,1.70239,29.1686,-10.9975,-0.968795]
]
[ 49 [Tram,3.32665,2.36522,23.2917,73.7846,-5.99244,-0.827596]
[Car,1.52595,1.65864,4.01397,8.77224,9.19629,-1.909]
[Car,1.48279,1.59799,3.90114,13.9042,9.16392,-1.80349]
[Car,1.60858,1.66827,4.56495,33.714,9.25223,-1.67621]
[Cyclist,1.77767,0.435075,1.70239,28.6368,-10.959,-1.01289]
]
[ 50 [Tram,3.32665,2.36522,23.2917,73.6796,-5.8632,-0.861893]
[Car,1.52595,1.65864,4.01397,7.67377,9.21848,-1.92788]
[Car,1.48279,1.59799,3.90114,12.8154,9.19139,-1.81953]
[Car,1.60858,1.66827,4.56495,32.6086,9.2987,-1.70943]
[Cyclist,1.77767,0.435075,1.70239,28.1049,-10.9206,-1.05699]
]
[ 51 [Tram,3.32665,2.36522,23.2917,73.5745,-5.73396,-0.89619]
[Car,1.48279,1.59799,3.90114,11.7267,9.21886,-1.83557]
[Car,1.60858,1.66827,4.56495,31.5032,9.34516,-1.74266]
[Cyclist,1.77767,0.435075,1.70239,27.573,-10.8822,-1.10109]
]
[ 52 [Tram,3.32665,2.36522,23.2917,73.4695,-5.60472,-0.930487]
[Car,1.48279,1.59799,3.90114,10.6421,9.21853,-1.85034]
[Car,1.60858,1.66827,4.56495,30.3979,9.39162,-1.77589]
[Cyclist,1.77767,0.435075,1.70239,27.0412,-10.8437,-1.14518]
]
[ 53 [Tram,3.32665,2.36522,23.2917,73.3384,-5.45757,-0.904647]
[Car,1.48279,1.59799,3.90114,9.55759,9.21819,-1.86511]
[Car,1.60858,1.66827,4.56495,29.2925,9.43808,-1.80911]
[Cyclist,1.77767,0.435075,1.70239,26.5358,-10.8293,-1.11098]
]
[ 54 [Tram,3.32665,2.36522,23.2917,73.2073,-5.31042,-0.878807]
[Car,1.48279,1.59799,3.90114,8.50664,9.2343,-1.79506]
[Car,1.60858,1.66827,4.56495,28.2438,9.46124,-1.74701]
[Cyclist,1.77767,0.435075,1.70239,26.0304,-10.8149,-1.07678]
]
[ 55 [Tram,3.32665,2.36522,23.2917,73.0763,-5.16327,-0.852968]
[Car,1.60858,1.66827,4.56495,27.1951,9.48439,-1.68491]
[Cyclist,1.77767,0.435075,1.70239,25.5251,-10.8006,-1.04258]
]
[ 56 [Tram,3.32665,2.36522,23.2917,72.9452,-5.01612,-0.827128]
[Car,1.60858,1.66827,4.56495,26.1573,9.49671,-1.72259]
[Cyclist,1.77767,0.435075,1.70239,25.0197,-10.7541,-1.12672]
]
[ 57 [Tram,3.32665,2.36522,23.2917,72.8301,-4.92312,-0.882149]
[Car,1.60858,1.66827,4.56495,25.1194,9.50902,-1.76027]
[Cyclist,1.77767,0.435075,1.70239,24.565,-10.7516,-1.13636]
]
[ 58 [Tram,3.32665,2.36522,23.2917,72.7149,-4.83012,-0.93717]
[Car,1.60858,1.66827,4.56495,24.0816,9.52134,-1.79796]
[Cyclist,1.77767,0.435075,1.70239,24.1103,-10.7491,-1.14601]
]
[ 59 [Tram,3.32665,2.36522,23.2917,72.6555,-4.71978,-0.934407]
[Car,1.60858,1.66827,4.56495,23.051,9.52501,-1.80425]
[Cyclist,1.77767,0.435075,1.70239,23.6556,-10.7466,-1.15565]
]
[ 60 [Tram,3.32665,2.36522,23.2917,72.5961,-4.60944,-0.931644]
[Car,1.60858,1.66827,4.56495,22.0203,9.52868,-1.81054]
[Cyclist,1.77767,0.435075,1.70239,23.2009,-10.7441,-1.16529]
]
[ 61 [Tram,3.32665,2.36522,23.2917,72.5368,-4.4991,-0.928881]
[Car,1.60858,1.66827,4.56495,21.0482,9.53235,-1.81604]
[Cyclist,1.77767,0.435075,1.70239,22.7462,-10.7416,-1.17494]
]
[ 62 [Tram,3.32665,2.36522,23.2917,72.4774,-4.38876,-0.926119]
[Car,1.60858,1.66827,4.56495,20.0761,9.53603,-1.82153]
[Cyclist,1.77767,0.435075,1.70239,22.2915,-10.739,-1.18458]
]
[ 63 [Tram,3.32665,2.36522,23.2917,72.418,-4.27842,-0.923356]
[Car,1.60858,1.66827,4.56495,19.104,9.5397,-1.82702]
[Cyclist,1.77767,0.435075,1.70239,21.8368,-10.7365,-1.19423]
]
[ 64 [Tram,3.32665,2.36522,23.2917,72.3586,-4.16808,-0.920593]
[Car,1.60858,1.66827,4.56495,18.165,9.52392,-1.8391]
[Cyclist,1.77767,0.435075,1.70239,21.4403,-10.7424,-1.19045]
]
[ 65 [Tram,3.32665,2.36522,23.2917,72.33,-4.10967,-0.966616]
[Car,1.60858,1.66827,4.56495,17.2259,9.50814,-1.85117]
[Cyclist,1.77767,0.435075,1.70239,21.0438,-10.7482,-1.18668]
]
[ 66 [Tram,3.32665,2.36522,23.2917,72.3014,-4.05126,-1.01264]
[Car,1.60858,1.66827,4.56495,16.2869,9.49236,-1.86325]
[Cyclist,1.77767,0.435075,1.70239,20.6473,-10.7541,-1.18291]
]
[ 67 [Tram,3.32665,2.36522,23.2917,72.2728,-3.99285,-1.05866]
[Car,1.60858,1.66827,4.56495,15.3479,9.47657,-1.87533]
[Cyclist,1.77767,0.435075,1.70239,20.2507,-10.7492,-1.22748]
]
[ 68 [Tram,3.32665,2.36522,23.2917,72.2443,-3.93444,-1.10469]
[Car,1.60858,1.66827,4.56495,14.4089,9.46079,-1.88741]
[Cyclist,1.77767,0.435075,1.70239,19.8542,-10.7444,-1.27204]
]
[ 69 [Tram,3.32665,2.36522,23.2917,72.2157,-3.87603,-1.15071]
[Car,1.60858,1.66827,4.56495,13.5155,9.45725,-1.87073]
[Cyclist,1.77767,0.435075,1.70239,19.4577,-10.7395,-1.31661]
]
[ 70 [Tram,3.32665,2.36522,23.2917,72.1871,-3.81762,-1.19673]
[Car,1.60858,1.66827,4.56495,12.6222,9.4537,-1.85406]
[Cyclist,1.77767,0.435075,1.70239,19.0921,-10.736,-1.30877]
]
[ 71 [Tram,3.32665,2.36522,23.2917,72.246,-3.75356,-1.15007]
[Car,1.60858,1.66827,4.56495,11.7288,9.45015,-1.83738]
[Cyclist,1.77767,0.435075,1.70239,18.7265,-10.7325,-1.30093]
[Cyclist,1.85699,0.495755,2.16583,37.4333,-10.6232,-1.22962]
[Car,1.44206,1.4668,3.57288,56.8169,21.0706,-1.78564]
]
[ 72 [Tram,3.32665,2.36522,23.2917,72.305,-3.68951,-1.10341]
[Car,1.60858,1.66827,4.56495,10.8604,9.44037,-1.82036]
[Cyclist,1.77767,0.435075,1.70239,18.3609,-10.729,-1.29309]
[Cyclist,1.85699,0.495755,2.16583,37.0374,-10.6492,-1.14926]
[Car,1.44206,1.4668,3.57288,55.9574,21.07,-1.72982]
]
[ 73 [Tram,3.32665,2.36522,23.2917,72.364,-3.62546,-1.05676]
[Car,1.60858,1.66827,4.56495,9.99206,9.43058,-1.80333]
[Cyclist,1.77767,0.435075,1.70239,18.0435,-10.7415,-1.30307]
[Cyclist,1.85699,0.495755,2.16583,36.6415,-10.6753,-1.06889]
[Car,1.44206,1.4668,3.57288,55.098,21.0695,-1.674]
]
[ 74 [Tram,3.32665,2.36522,23.2917,72.423,-3.5614,-1.0101]
[Car,1.60858,1.66827,4.56495,9.12368,9.42079,-1.78631]
[Cyclist,1.77767,0.435075,1.70239,17.726,-10.7541,-1.31305]
[Cyclist,1.85699,0.495755,2.16583,36.2456,-10.7192,-1.13782]
[Car,1.44206,1.4668,3.57288,54.2386,21.0689,-1.61818]
]
[ 75 [Tram,3.32665,2.36522,23.2917,72.4819,-3.49735,-0.963437]
[Car,1.60858,1.66827,4.56495,8.24448,9.42493,-1.86474]
[Cyclist,1.77767,0.435075,1.70239,17.4085,-10.7666,-1.32303]
[Cyclist,1.85699,0.495755,2.16583,35.8498,-10.7632,-1.20674]
[Car,1.44206,1.4668,3.57288,53.3791,21.0683,-1.56236]
]
[ 76 [Tram,3.32665,2.36522,23.2917,72.5409,-3.4333,-0.916778]
[Cyclist,1.77767,0.435075,1.70239,17.0911,-10.7791,-1.33301]
[Cyclist,1.85699,0.495755,2.16583,35.4281,-10.7691,-1.14668]
[Car,1.44206,1.4668,3.57288,52.5197,21.0678,-1.50654]
]
[ 77 [Tram,3.32665,2.36522,23.2917,72.5999,-3.36924,-0.870119]
[Cyclist,1.77767,0.435075,1.70239,16.7736,-10.7916,-1.34299]
[Cyclist,1.85699,0.495755,2.16583,35.0064,-10.7749,-1.08662]
[Car,1.44206,1.4668,3.57288,51.6865,21.0621,-1.45695]
]
[ 78 [Tram,3.32665,2.36522,23.2917,72.6589,-3.30519,-0.82346]
[Cyclist,1.77767,0.435075,1.70239,16.4561,-10.8042,-1.35298]
[Cyclist,1.85699,0.495755,2.16583,34.5847,-10.7807,-1.02656]
[Car,1.44206,1.4668,3.57288,50.8533,21.0564,-1.40736]
]
[ 79 [Tram,3.32665,2.36522,23.2917,72.7994,-3.30834,-0.824475]
[Cyclist,1.77767,0.435075,1.70239,16.1825,-10.8145,-1.35164]
[Cyclist,1.85699,0.495755,2.16583,34.2506,-10.8051,-1.02017]
[Car,1.44206,1.4668,3.57288,50.0202,21.0507,-1.35777]
]
[ 80 [Tram,3.32665,2.36522,23.2917,72.94,-3.31148,-0.82549]
[Cyclist,1.77767,0.435075,1.70239,15.9088,-10.8249,-1.3503]
[Cyclist,1.85699,0.495755,2.16583,33.9165,-10.8294,-1.01378]
[Car,1.44206,1.4668,3.57288,49.1859,21.0317,-1.40825]
]
[ 81 [Tram,3.32665,2.36522,23.2917,73.0805,-3.31462,-0.826505]
[Cyclist,1.77767,0.435075,1.70239,15.6351,-10.8352,-1.34896]
[Cyclist,1.85699,0.495755,2.16583,33.5824,-10.8537,-1.00738]
[Car,1.44206,1.4668,3.57288,48.3516,21.0127,-1.45873]
]
[ 82 [Tram,3.32665,2.36522,23.2917,73.2211,-3.31777,-0.827521]
[Cyclist,1.77767,0.435075,1.70239,15.3614,-10.8456,-1.34762]
[Cyclist,1.85699,0.495755,2.16583,33.2483,-10.8781,-1.00099]
[Car,1.44206,1.4668,3.57288,47.5903,20.9912,-1.48604]
]
[ 83 [Tram,3.32665,2.36522,23.2917,73.3616,-3.32091,-0.828536]
[Cyclist,1.77767,0.435075,1.70239,15.0877,-10.8559,-1.34628]
[Cyclist,1.85699,0.495755,2.16583,32.8904,-10.9185,-1.01217]
[Car,1.44206,1.4668,3.57288,46.829,20.9697,-1.51335]
]
[ 84 [Tram,3.32665,2.36522,23.2917,73.5021,-3.32406,-0.829551]
[Cyclist,1.77767,0.435075,1.70239,14.8618,-10.8699,-1.34408]
[Cyclist,1.85699,0.495755,2.16583,32.5324,-10.959,-1.02334]
[Car,1.44206,1.4668,3.57288,46.0678,20.9483,-1.54067]
]
[ 85 [Tram,3.32665,2.36522,23.2917,73.6427,-3.3272,-0.830567]
[Cyclist,1.77767,0.435075,1.70239,14.6358,-10.8838,-1.34188]
[Cyclist,1.85699,0.495755,2.16583,32.1744,-10.9995,-1.03451]
[Car,1.52424,1.64374,3.91334,29.8544,18.7583,-1.73501]
[Car,1.44206,1.4668,3.57288,45.3065,20.9268,-1.56798]
]
[ 86 [Tram,3.32665,2.36522,23.2917,73.7832,-3.33035,-0.831582]
[Cyclist,1.77767,0.435075,1.70239,14.4099,-10.8978,-1.33968]
[Cyclist,1.85699,0.495755,2.16583,31.8165,-11.04,-1.04568]
[Car,1.52424,1.64374,3.91334,29.1128,18.7446,-1.74634]
[Car,1.44206,1.4668,3.57288,44.5452,20.9053,-1.59529]
]
[ 87 [Tram,3.32665,2.36522,23.2917,73.9905,-3.31563,-0.845577]
[Cyclist,1.77767,0.435075,1.70239,14.1839,-10.9118,-1.33748]
[Cyclist,1.85699,0.495755,2.16583,31.4585,-11.0805,-1.05686]
[Car,1.52424,1.64374,3.91334,28.3712,18.7309,-1.75767]
[Car,1.44206,1.4668,3.57288,43.82,20.9014,-1.60826]
]
[ 88 [Tram,3.32665,2.36522,23.2917,74.1977,-3.30091,-0.859573]
[Cyclist,1.77767,0.435075,1.70239,14.008,-10.92,-1.32816]
[Cyclist,1.85699,0.495755,2.16583,31.1966,-11.1112,-1.05208]
[Car,1.52424,1.64374,3.91334,27.6296,18.7171,-1.76899]
[Car,1.44206,1.4668,3.57288,43.0948,20.8974,-1.62123]
]
[ 89 [Tram,3.32665,2.36522,23.2917,74.405,-3.28619,-0.873568]
[Cyclist,1.77767,0.435075,1.70239,13.832,-10.9283,-1.31884]
[Cyclist,1.85699,0.495755,2.16583,30.9346,-11.1418,-1.0473]
[Car,1.52424,1.64374,3.91334,26.888,18.7034,-1.78032]
[Car,1.44206,1.4668,3.57288,42.3695,20.8935,-1.63419]
]
[ 90 [Tram,3.32665,2.36522,23.2917,74.6122,-3.27147,-0.887564]
[Cyclist,1.77767,0.435075,1.70239,13.6561,-10.9366,-1.30953]
[Cyclist,1.85699,0.495755,2.16583,30.6727,-11.1725,-1.04252]
[Car,1.52424,1.64374,3.91334,26.1464,18.6897,-1.79165]
[Car,1.44206,1.4668,3.57288,41.6443,20.8896,-1.64716]
]
[ 91 [Tram,3.32665,2.36522,23.2917,74.8703,-3.24096,-0.82228]
[Cyclist,1.77767,0.435075,1.70239,13.4801,-10.9449,-1.30021]
[Cyclist,1.85699,0.495755,2.16583,30.4108,-11.2032,-1.03774]
[Car,1.52424,1.64374,3.91334,25.4467,18.6911,-1.72779]
[Car,1.44206,1.4668,3.57288,40.9191,20.8856,-1.66012]
]
[ 92 [Tram,3.32665,2.36522,23.2917,75.1283,-3.21045,-0.756997]
[Cyclist,1.77767,0.435075,1.70239,13.3557,-10.9345,-1.27645]
[Cyclist,1.85699,0.495755,2.16583,30.1798,-11.185,-0.998523]
[Car,1.52424,1.64374,3.91334,24.767,18.7009,-1.72779]
[Car,1.44206,1.4668,3.57288,40.2314,20.941,-1.65001]
]
[ 93 [Tram,3.32665,2.36522,23.2917,75.3864,-3.17994,-0.691713]
[Cyclist,1.77767,0.435075,1.70239,13.2313,-10.924,-1.25269]
[Cyclist,1.85699,0.495755,2.16583,29.9488,-11.1669,-0.959308]
[Car,1.52424,1.64374,3.91334,24.0957,18.668,-1.72852]
[Car,1.44206,1.4668,3.57288,39.5436,20.9963,-1.6399]
[Car,1.28049,1.3507,3.07182,42.2954,21.0104,-1.56434]
]
[ 94 [Tram,3.32665,2.36522,23.2917,75.671,-3.08551,-0.670424]
[Cyclist,1.77767,0.435075,1.70239,13.1069,-10.9136,-1.22893]
[Cyclist,1.85699,0.495755,2.16583,29.7178,-11.1487,-0.920092]
[Car,1.52424,1.64374,3.91334,23.4244,18.6352,-1.72926]
[Car,1.44206,1.4668,3.57288,38.8559,21.0516,-1.6298]
[Car,1.28049,1.3507,3.07182,41.6418,21.0499,-1.58055]
]
[ 95 [Tram,3.32665,2.36522,23.2917,75.9557,-2.99107,-0.649134]
[Cyclist,1.77767,0.435075,1.70239,13.0167,-10.8891,-1.21277]
[Cyclist,1.85699,0.495755,2.16583,29.5418,-11.1585,-0.899225]
[Car,1.52424,1.64374,3.91334,22.7531,18.6023,-1.73]
[Car,1.44206,1.4668,3.57288,38.1681,21.1069,-1.61969]
[Car,1.28049,1.3507,3.07182,40.9881,21.0895,-1.59676]
]
[ 96 [Tram,3.32665,2.36522,23.2917,76.2403,-2.89664,-0.627845]
[Cyclist,1.77767,0.435075,1.70239,12.9265,-10.8647,-1.19661]
[Cyclist,1.85699,0.495755,2.16583,29.3658,-11.1682,-0.878358]
[Car,1.52424,1.64374,3.91334,22.0817,18.5695,-1.73074]
[Car,1.44206,1.4668,3.57288,37.5363,21.1291,-1.6315]
[Car,1.28049,1.3507,3.07182,40.3344,21.129,-1.61298]
]
[ 97 [Tram,3.32665,2.36522,23.2917,76.525,-2.8022,-0.606556]
[Cyclist,1.77767,0.435075,1.70239,12.8363,-10.8402,-1.18045]
[Cyclist,1.85699,0.495755,2.16583,29.1899,-11.178,-0.857491]
[Car,1.52424,1.64374,3.91334,21.4104,18.5366,-1.73148]
[Car,1.44206,1.4668,3.57288,36.9046,21.1513,-1.6433]
[Car,1.28049,1.3507,3.07182,39.6808,21.1685,-1.62919]
]
[ 98 [Tram,3.32665,2.36522,23.2917,76.8096,-2.70776,-0.585266]
[Cyclist,1.77767,0.435075,1.70239,12.746,-10.8157,-1.16429]
[Cyclist,1.85699,0.495755,2.16583,29.0139,-11.1877,-0.836625]
[Car,1.52424,1.64374,3.91334,20.7979,18.5527,-1.72655]
[Car,1.44206,1.4668,3.57288,36.2728,21.1735,-1.65511]
[Car,1.28049,1.3507,3.07182,39.0271,21.208,-1.6454]
]
[ 99 [Tram,3.32665,2.36522,23.2917,77.0943,-2.61333,-0.563977]
[Cyclist,1.77767,0.435075,1.70239,12.6558,-10.7913,-1.14813]
[Cyclist,1.85699,0.495755,2.16583,28.838,-11.1975,-0.815758]
[Car,1.52424,1.64374,3.91334,20.1854,18.5688,-1.72162]
[Car,1.44206,1.4668,3.57288,35.641,21.1957,-1.66692]
[Car,1.28049,1.3507,3.07182,38.4452,21.2158,-1.66481]
]
[ 100 [Tram,3.32665,2.36522,23.2917,77.4075,-2.60402,-0.5523]
[Cyclist,1.77767,0.435075,1.70239,12.6214,-10.7909,-1.13079]
[Cyclist,1.85699,0.495755,2.16583,28.6974,-11.1905,-0.787964]
[Car,1.52424,1.64374,3.91334,19.5728,18.5849,-1.71669]
[Car,1.44206,1.4668,3.57288,35.0678,21.1999,-1.70903]
[Car,1.28049,1.3507,3.07182,37.8634,21.2235,-1.68421]
]
[ 101 [Tram,3.32665,2.36522,23.2917,77.7207,-2.5947,-0.540623]
[Cyclist,1.77767,0.435075,1.70239,12.587,-10.7906,-1.11345]
[Cyclist,1.85699,0.495755,2.16583,28.5568,-11.1835,-0.817465]
[Car,1.52424,1.64374,3.91334,18.9603,18.601,-1.71176]
[Car,1.44206,1.4668,3.57288,34.4946,21.204,-1.75113]
[Car,1.28049,1.3507,3.07182,37.2816,21.2313,-1.70362]
]
[ 102 [Tram,3.32665,2.36522,23.2917,78.034,-2.58539,-0.528946]
[Cyclist,1.77767,0.435075,1.70239,12.5526,-10.7903,-1.09611]
[Cyclist,1.85699,0.495755,2.16583,28.4162,-11.1765,-0.83277]
[Car,1.52424,1.64374,3.91334,18.429,18.5849,-1.75407]
[Car,1.44206,1.4668,3.57288,33.9215,21.2082,-1.79324]
[Car,1.28049,1.3507,3.07182,36.6997,21.2391,-1.72303]
]
[ 103 [Tram,3.32665,2.36522,23.2917,78.3472,-2.57608,-0.517269]
[Cyclist,1.77767,0.435075,1.70239,12.5182,-10.7899,-1.07877]
[Cyclist,1.85699,0.495755,2.16583,28.2757,-11.1695,-0.741989]
[Car,1.52424,1.64374,3.91334,17.8977,18.5688,-1.79637]
[Car,1.44206,1.4668,3.57288,33.3483,21.2123,-1.83534]
[Car,1.28049,1.3507,3.07182,36.1179,21.2468,-1.74243]
]
[ 104 [Tram,3.32665,2.36522,23.2917,78.7214,-2.57322,-0.328376]
[Cyclist,1.77767,0.435075,1.70239,12.5501,-10.7896,-1.04145]
[Cyclist,1.85699,0.495755,2.16583,28.2721,-11.1715,-0.654709]
[Car,1.52424,1.64374,3.91334,17.3665,18.5528,-1.83868]
[Car,1.44206,1.4668,3.57288,32.8276,21.2216,-1.91009]
[Car,1.28049,1.3507,3.07182,35.6084,21.2177,-1.78948]
]
[ 105 [Tram,3.32665,2.36522,23.2917,79.1965,-2.57037,-0.371636]
[Cyclist,1.77767,0.435075,1.70239,12.5819,-10.7893,-1.00414]
[Cyclist,1.85699,0.495755,2.16583,28.2685,-11.1735,-0.653427]
[Car,1.52424,1.64374,3.91334,16.8739,18.5506,-1.88064]
[Car,1.44206,1.4668,3.57288,32.3068,21.2308,-1.98483]
[Car,1.28049,1.3507,3.07182,35.0988,21.1885,-1.83654]
]
[ 106 [Tram,3.32665,2.36522,23.2917,79.6717,-2.56751,-0.414896]
[Cyclist,1.77767,0.435075,1.70239,12.6271,-10.805,-1.06603]
[Cyclist,1.85699,0.495755,2.16583,28.2649,-11.1755,-0.721713]
[Car,1.52424,1.64374,3.91334,16.3814,18.5483,-1.92261]
[Car,1.44206,1.4668,3.57288,31.8316,21.2375,-1.94969]
[Car,1.28049,1.3507,3.07182,34.6045,21.1657,-1.79107]
]
[ 107 [Tram,3.32665,2.36522,23.2917,80.1468,-2.56466,-0.458156]
[Cyclist,1.77767,0.435075,1.70239,12.6722,-10.8207,-1.12792]
[Cyclist,1.85699,0.495755,2.16583,28.2613,-11.1775,-0.835417]
[Car,1.52424,1.64374,3.91334,15.8888,18.5461,-1.96457]
[Car,1.44206,1.4668,3.57288,31.3564,21.2442,-1.91454]
[Car,1.28049,1.3507,3.07182,34.1102,21.1429,-1.7456]
]
]